Linear Regression
MAE : 3.159911250865078
RMSE: 4.596880526026386
R2  : 0.9945722157660902

Random Forest
MAE : 3.2542207467003923
RMSE: 4.9110412737615325
R2  : 0.9938049714756281

XGBoost
MAE : 2.255420764620662
RMSE: 3.570329965267475
R2  : 0.9967257423413537
